test_top1_acc=0.2351890756302521
test_top5_acc=0.4832983193277312
test_top10_acc=0.5715336134453781
test_top20_acc=0.6596638655462184
test_mAP20=0.34387090747672266
test_mrr=0.34665393316386917
