test_top1_acc=0.22468487394957987
test_top5_acc=0.4804621848739495
test_top10_acc=0.5804621848739496
test_top20_acc=0.6686974789915966
test_mAP20=0.34123828350025187
test_mrr=0.3436726814062574
